"File : N:\CT_DATA\K06LA1\KIERUNEK3\TENSILE_K06LA1_KIERUNEK3.MTR saved 7/31/2014 at 17:47:32"
"Sample : Default"
"Span : 10.0"
"Width : 9.5"
"Thickness : 10.5"
"Start Sampletime : 500ms"
"Start Speed : 0.2mm/min"
"Gain : x1"
"Video file : "
"Scale : 1.953"
"Number of points : 3665"
"Ver6.1.83"
"Compression"
""
""
"Test duration : 8955.5s"
"Max travel : 8.231mm"
"Max extension : 0.314mm"
"Comment : Nano tomography (90mm) with 485:1 gearbox &  16 line encoder. Calibrated at 500N. Trip set to 500N"
"Point","Elongation","Force","Position","Code","Samplerate","Motorspeed"
.5,0,7.68,7.916,2,500,"0.2mm/min"
2,-.001,7.57,7.9171,0,500,"0.2mm/min"
3,.002,9.99,7.914,0,500,"0.2mm/min"
3.5,.003,11.08,7.9129,0,500,"0.2mm/min"
4,.005,12.23,7.9113,0,500,"0.2mm/min"
4.5,.006,13.41,7.9098,0,500,"0.2mm/min"
5,.008,14.59,7.9083,0,500,"0.2mm/min"
5.5,.01,15.82,7.9066,0,500,"0.2mm/min"
6,.012,17.02,7.9045,0,500,"0.2mm/min"
6.5,.013,18.21,7.9029,0,500,"0.2mm/min"
7,.014,19.44,7.9018,0,500,"0.2mm/min"
7.5,.016,20.68,7.9001,0,500,"0.2mm/min"
8,.018,21.87,7.8986,0,500,"0.2mm/min"
8.5,.019,23.14,7.8972,0,500,"0.2mm/min"
9,.02,24.37,7.8958,0,500,"0.2mm/min"
9.5,.021,25.61,7.8948,0,500,"0.2mm/min"
10,.023,26.84,7.893,0,500,"0.2mm/min"
10.5,.025,27.98,7.8912,0,500,"0.2mm/min"
11,.026,29.12,7.8898,0,500,"0.2mm/min"
11.5,.028,30.21,7.8882,0,500,"0.2mm/min"
12,.029,31.31,7.887,0,500,"0.2mm/min"
12.5,.031,32.41,7.8852,0,500,"0.2mm/min"
13,.032,33.47,7.884,0,500,"0.2mm/min"
13.5,.033,34.55,7.8832,0,500,"0.2mm/min"
14,.034,35.57,7.8821,0,500,"0.2mm/min"
14.5,.035,36.59,7.8811,0,500,"0.2mm/min"
15,.036,37.59,7.8801,0,500,"0.2mm/min"
15.5,.037,38.64,7.8788,0,500,"0.2mm/min"
16,.039,39.69,7.8773,0,500,"0.2mm/min"
16.5,.04,40.73,7.8759,0,500,"0.2mm/min"
17,.042,41.86,7.8746,0,500,"0.2mm/min"
17.5,.043,42.98,7.873,0,500,"0.2mm/min"
18,.044,44.03,7.872,0,500,"0.2mm/min"
18.5,.045,45.02,7.8711,2,500,"0.2mm/min"
19,.046,45.61,7.8699,0,500,"0.2mm/min"
25.5,.047,46.05,7.869,0,500,"0.2mm/min"
26,.049,47.22,7.8673,0,500,"0.2mm/min"
26.5,.05,48.41,7.8658,0,500,"0.2mm/min"
27,.051,49.56,7.8649,0,500,"0.2mm/min"
27.5,.052,50.68,7.8642,0,500,"0.2mm/min"
28,.053,51.78,7.863,0,500,"0.2mm/min"
28.5,.054,52.9,7.862,0,500,"0.2mm/min"
29,.055,54.06,7.8614,0,500,"0.2mm/min"
29.5,.056,55.26,7.8602,0,500,"0.2mm/min"
30,.057,56.48,7.8591,0,500,"0.2mm/min"
30.5,.058,57.67,7.8582,0,500,"0.2mm/min"
31,.059,58.84,7.8573,0,500,"0.2mm/min"
31.5,.06,60.05,7.8563,0,500,"0.2mm/min"
32,.061,61.19,7.8553,0,500,"0.2mm/min"
32.5,.062,62.36,7.854,0,500,"0.2mm/min"
33,.063,63.6,7.8528,0,500,"0.2mm/min"
33.5,.064,64.82,7.8517,0,500,"0.2mm/min"
34,.065,66,7.8507,0,500,"0.2mm/min"
34.5,.067,67.15,7.8495,0,500,"0.2mm/min"
35,.068,68.45,7.8485,0,500,"0.2mm/min"
35.5,.069,69.75,7.8473,0,500,"0.2mm/min"
36,.07,71.04,7.8463,0,500,"0.2mm/min"
36.5,.071,72.35,7.8452,0,500,"0.2mm/min"
37,.072,73.63,7.8441,0,500,"0.2mm/min"
37.5,.073,75,7.8429,0,500,"0.2mm/min"
38,.074,76.33,7.8419,0,500,"0.2mm/min"
38.5,.075,77.66,7.8406,0,500,"0.2mm/min"
39,.077,79.05,7.8393,0,500,"0.2mm/min"
39.5,.078,80.5,7.8379,0,500,"0.2mm/min"
40,.08,81.97,7.836,0,500,"0.2mm/min"
40.5,.082,83.42,7.8343,0,500,"0.2mm/min"
41,.084,84.98,7.8325,0,500,"0.2mm/min"
41.5,.085,86.54,7.831,0,500,"0.2mm/min"
42,.087,88.1,7.8295,0,500,"0.2mm/min"
42.5,.088,89.68,7.8281,0,500,"0.2mm/min"
43,.09,91.27,7.8264,0,500,"0.2mm/min"
43.5,.092,92.88,7.8242,0,500,"0.2mm/min"
44,.093,94.43,7.8226,0,500,"0.2mm/min"
44.5,.095,96.03,7.8208,0,500,"0.2mm/min"
45,.097,97.64,7.8192,0,500,"0.2mm/min"
45.5,.099,99.37,7.8175,0,500,"0.2mm/min"
46,.101,101.07,7.8155,0,500,"0.2mm/min"
46.5,.102,102.62,7.8137,0,500,"0.2mm/min"
47,.104,104.23,7.8117,0,500,"0.2mm/min"
47.5,.107,105.81,7.8096,0,500,"0.2mm/min"
48,.108,107.38,7.8083,0,500,"0.2mm/min"
48.5,.11,108.99,7.8064,0,500,"0.2mm/min"
49,.111,110.56,7.805,0,500,"0.2mm/min"
49.5,.113,112.22,7.8035,0,500,"0.2mm/min"
50.5,.117,115.85,7.7995,0,500,"0.2mm/min"
51,.118,117.44,7.7979,0,500,"0.2mm/min"
51.5,.12,119.07,7.7963,0,500,"0.2mm/min"
52,.121,120.74,7.7947,0,500,"0.2mm/min"
52.5,.123,122.4,7.7931,0,500,"0.2mm/min"
53,.125,124.1,7.7908,0,500,"0.2mm/min"
53.5,.127,125.8,7.7887,0,500,"0.2mm/min"
54,.129,127.54,7.7867,0,500,"0.2mm/min"
54.5,.131,129.21,7.7849,0,500,"0.2mm/min"
55,.133,130.85,7.7835,0,500,"0.2mm/min"
55.5,.134,132.45,7.7819,0,500,"0.2mm/min"
56,.136,134.01,7.7799,0,500,"0.2mm/min"
56.5,.138,135.63,7.7781,0,500,"0.2mm/min"
57,.14,137.25,7.7762,0,500,"0.2mm/min"
57.5,.142,138.84,7.7744,0,500,"0.2mm/min"
58,.143,140.47,7.7729,0,500,"0.2mm/min"
58.5,.145,142.08,7.7713,0,500,"0.2mm/min"
59,.147,141.23,7.7691,0,500,"0.2mm/min"
59.5,.149,141.1,7.7674,0,500,"0.2mm/min"
60,.151,142.83,7.7654,0,500,"0.2mm/min"
60.5,.153,144.56,7.7633,0,500,"0.2mm/min"
61,.154,146.28,7.7618,0,500,"0.2mm/min"
61.5,.156,147.96,7.7599,0,500,"0.2mm/min"
62,.158,149.63,7.7582,0,500,"0.2mm/min"
62.5,.159,151.32,7.7569,0,500,"0.2mm/min"
63,.161,153.01,7.7555,0,500,"0.2mm/min"
63.5,.162,154.66,7.7537,0,500,"0.2mm/min"
64,.164,156.27,7.7523,0,500,"0.2mm/min"
64.5,.165,157.9,7.7506,0,500,"0.2mm/min"
65,.167,159.59,7.749,0,500,"0.2mm/min"
65.5,.169,161.22,7.7475,0,500,"0.2mm/min"
66,.17,162.88,7.7462,0,500,"0.2mm/min"
66.5,.171,164.44,7.7449,0,500,"0.2mm/min"
67,.172,165.93,7.7437,0,500,"0.2mm/min"
67.5,.174,167.55,7.7425,0,500,"0.2mm/min"
68,.175,169.14,7.7413,0,500,"0.2mm/min"
68.5,.176,170.83,7.74,0,500,"0.2mm/min"
69,.178,172.44,7.7384,0,500,"0.2mm/min"
69.5,.179,173.59,7.737,1,500,"0.2mm/min"
73.5,.173,165.79,7.7434,0,500,"0.2mm/min"
77.5,.16,148.95,7.7563,0,500,"0.2mm/min"
78.5,.157,144.82,7.7594,0,500,"0.2mm/min"
79,.155,142.74,7.761,0,500,"0.2mm/min"
80,.152,138.74,7.7643,0,500,"0.2mm/min"
80.5,.15,136.72,7.7658,0,500,"0.2mm/min"
82,.146,130.7,7.7704,0,500,"0.2mm/min"
82.5,.144,128.73,7.772,0,500,"0.2mm/min"
83.5,.141,124.87,7.7752,0,500,"0.2mm/min"
84,.139,122.91,7.7768,0,500,"0.2mm/min"
84.5,.137,121,7.7787,0,500,"0.2mm/min"
87,.13,111.56,7.7859,0,500,"0.2mm/min"
91,.115,96.97,7.8008,0,500,"0.2mm/min"
91.5,.114,95.29,7.8026,0,500,"0.2mm/min"
92,.112,93.72,7.804,0,500,"0.2mm/min"
93,.109,90.76,7.8068,0,500,"0.2mm/min"
94.5,.105,86.05,7.8111,0,500,"0.2mm/min"
97.5,.096,76.89,7.8201,0,500,"0.2mm/min"
99.5,.091,71.38,7.8252,0,500,"0.2mm/min"
101.5,.086,65.56,7.8304,0,500,"0.2mm/min"
102.5,.083,62.73,7.8333,0,500,"0.2mm/min"
103.5,.081,60.12,7.8353,0,500,"0.2mm/min"
109.5,.066,44.89,7.8503,0,500,"0.2mm/min"
118,.048,26.63,7.8681,0,500,"0.2mm/min"
137.5,.076,59.63,7.8402,0,500,"0.2mm/min"
139,.079,63.57,7.8367,0,500,"0.2mm/min"
144.5,.094,79.21,7.8224,0,500,"0.2mm/min"
146,.098,83.73,7.8177,0,500,"0.2mm/min"
146.5,.1,85.34,7.8166,0,500,"0.2mm/min"
148.5,.106,91.86,7.8099,0,500,"0.2mm/min"
151.5,.116,102.25,7.8006,0,500,"0.2mm/min"
153,.122,107.45,7.7938,0,500,"0.2mm/min"
153.5,.124,109.2,7.7917,0,500,"0.2mm/min"
155.5,.132,116.4,7.7839,0,500,"0.2mm/min"
156.5,.135,119.89,7.7813,0,500,"0.2mm/min"
166,.166,153.66,7.7505,0,500,"0.2mm/min"
167,.168,157.26,7.7477,0,500,"0.2mm/min"
170,.177,168.15,7.7389,0,500,"0.2mm/min"
177.5,.163,150.45,7.7532,0,500,"0.2mm/min"
188.5,.128,107.44,7.7879,0,500,"0.2mm/min"
191,.119,98.29,7.797,0,500,"0.2mm/min"
201.5,.089,66.49,7.8271,0,500,"0.2mm/min"
249.5,.103,86.32,7.8135,0,500,"0.2mm/min"
256,.126,108.9,7.7898,0,500,"0.2mm/min"
365.5,.148,131.78,7.7681,0,500,"0.2mm/min"
4940.5,.18,152.13,7.7366,0,5000,"0.2mm/min"
6193.5,.181,150.08,7.7347,0,500,"0.2mm/min"
6194,.183,152.41,7.7329,0,500,"0.2mm/min"
6194.5,.185,154.59,7.7311,0,500,"0.2mm/min"
6195,.187,156.65,7.7296,0,500,"0.2mm/min"
6195.5,.189,158.76,7.7276,0,500,"0.2mm/min"
6196,.19,160.88,7.726,0,500,"0.2mm/min"
6196.5,.192,162.94,7.7242,0,500,"0.2mm/min"
6197,.193,164.93,7.7227,0,500,"0.2mm/min"
6197.5,.195,166.92,7.7213,0,500,"0.2mm/min"
6198,.196,169.04,7.7198,0,500,"0.2mm/min"
6198.5,.198,171.08,7.7183,0,500,"0.2mm/min"
6199,.2,173.13,7.716,0,500,"0.2mm/min"
6199.5,.202,175.08,7.7143,0,500,"0.2mm/min"
6200,.203,177.06,7.7129,0,500,"0.2mm/min"
6200.5,.205,179.17,7.7114,0,500,"0.2mm/min"
6201,.206,181.17,7.7101,0,500,"0.2mm/min"
6201.5,.207,183.14,7.7087,0,500,"0.2mm/min"
6202,.209,185.1,7.7072,0,500,"0.2mm/min"
6202.5,.211,187.16,7.7055,0,500,"0.2mm/min"
6203,.213,189.2,7.7036,0,500,"0.2mm/min"
6203.5,.214,191.04,7.7024,0,500,"0.2mm/min"
6204,.215,193.04,7.7012,0,500,"0.2mm/min"
6204.5,.216,194.91,7.6999,0,500,"0.2mm/min"
6205,.218,196.88,7.6984,0,500,"0.2mm/min"
6205.5,.219,198.73,7.6967,0,500,"0.2mm/min"
6206,.221,200.74,7.6947,0,500,"0.2mm/min"
6206.5,.224,202.93,7.6925,0,500,"0.2mm/min"
6207,.225,204.72,7.6908,0,500,"0.2mm/min"
6207.5,.227,206.61,7.6886,0,500,"0.2mm/min"
6208,.23,208.5,7.6864,0,500,"0.2mm/min"
6208.5,.232,210.34,7.6845,0,500,"0.2mm/min"
6209,.233,212.18,7.683,0,500,"0.2mm/min"
6209.5,.234,213.95,7.6817,0,500,"0.2mm/min"
6210,.236,215.71,7.6802,0,500,"0.2mm/min"
6210.5,.237,217.4,7.6787,0,500,"0.2mm/min"
6211,.239,219.23,7.6773,0,500,"0.2mm/min"
6211.5,.24,221.13,7.6757,0,500,"0.2mm/min"
6212,.242,223.02,7.6743,0,500,"0.2mm/min"
6212.5,.243,224.83,7.6732,0,500,"0.2mm/min"
6213,.244,226.6,7.6721,0,500,"0.2mm/min"
6213.5,.245,228.35,7.6709,0,500,"0.2mm/min"
6214,.247,230.02,7.6689,0,500,"0.2mm/min"
6214.5,.249,231.79,7.667,0,500,"0.2mm/min"
6215,.25,233.57,7.6657,0,500,"0.2mm/min"
6215.5,.252,235.27,7.6644,0,500,"0.2mm/min"
6216,.253,237.03,7.6631,0,500,"0.2mm/min"
6216.5,.254,238.79,7.6617,0,500,"0.2mm/min"
6217,.256,240.54,7.6605,0,500,"0.2mm/min"
6217.5,.257,242.2,7.6592,0,500,"0.2mm/min"
6218,.258,243.78,7.6579,0,500,"0.2mm/min"
6218.5,.26,245.31,7.6565,0,500,"0.2mm/min"
6219,.261,247,7.6551,0,500,"0.2mm/min"
6219.5,.263,248.71,7.6534,0,500,"0.2mm/min"
6220,.264,250.29,7.6519,0,500,"0.2mm/min"
6220.5,.266,251.9,7.6504,0,500,"0.2mm/min"
6221,.267,253.55,7.6487,0,500,"0.2mm/min"
6221.5,.269,255.18,7.6471,0,500,"0.2mm/min"
6222,.271,256.79,7.6454,0,500,"0.2mm/min"
6222.5,.272,258.29,7.6437,0,500,"0.2mm/min"
6223,.274,259.86,7.6423,0,500,"0.2mm/min"
6223.5,.275,261.44,7.6409,0,500,"0.2mm/min"
6224,.277,263.04,7.6392,0,500,"0.2mm/min"
6224.5,.278,264.51,7.6378,0,500,"0.2mm/min"
6225,.28,266.01,7.6366,0,500,"0.2mm/min"
6225.5,.281,267.51,7.6349,0,500,"0.2mm/min"
6226,.283,268.95,7.6333,0,500,"0.2mm/min"
6226.5,.285,270.43,7.6311,0,500,"0.2mm/min"
6227,.287,271.87,7.6295,0,500,"0.2mm/min"
6227.5,.288,273.17,7.6282,0,500,"0.2mm/min"
6228,.29,274.56,7.6266,0,500,"0.2mm/min"
6228.5,.291,276.07,7.6248,0,500,"0.2mm/min"
6229,.292,277.5,7.6237,0,500,"0.2mm/min"
6229.5,.293,278.93,7.6226,0,500,"0.2mm/min"
6230,.295,280.28,7.6213,0,500,"0.2mm/min"
6230.5,.296,281.67,7.62,0,500,"0.2mm/min"
6231,.298,283.03,7.6182,0,500,"0.2mm/min"
6231.5,.299,284.36,7.6167,0,500,"0.2mm/min"
6232,.301,285.56,7.6153,0,500,"0.2mm/min"
6232.5,.302,286.96,7.6137,0,500,"0.2mm/min"
6233,.304,288.33,7.6125,0,500,"0.2mm/min"
6233.5,.305,289.64,7.611,0,500,"0.2mm/min"
6234,.307,290.97,7.6091,0,500,"0.2mm/min"
6234.5,.309,292.2,7.6074,0,500,"0.2mm/min"
6235,.31,293.47,7.6057,0,500,"0.2mm/min"
6235.5,.312,294.62,7.6042,1,500,"0.2mm/min"
6261,.313,281.6,7.6034,0,5000,"0.2mm/min"
6776,.314,254.95,7.6026,0,5000,"0.2mm/min"
8861.5,.311,236.44,7.605,2,500,"0.2mm/min"
8863.5,.303,229.17,7.6128,0,500,"0.2mm/min"
8864.5,.3,225.15,7.6164,0,500,"0.2mm/min"
8865.5,.297,221.12,7.619,0,500,"0.2mm/min"
8866.5,.294,216.97,7.6218,0,500,"0.2mm/min"
8868.5,.289,208.91,7.6275,0,500,"0.2mm/min"
8870,.284,203.06,7.6326,0,500,"0.2mm/min"
8873.5,.273,189.27,7.6436,0,500,"0.2mm/min"
8874.5,.27,185.57,7.6462,0,500,"0.2mm/min"
8875,.268,183.49,7.6476,0,500,"0.2mm/min"
8876,.265,179.67,7.6515,0,500,"0.2mm/min"
8877.5,.259,174.07,7.6567,0,500,"0.2mm/min"
8879.5,.255,166.66,7.6612,0,500,"0.2mm/min"
8881,.251,160.95,7.6651,0,500,"0.2mm/min"
8882,.248,157.3,7.6683,0,500,"0.2mm/min"
8882.5,.246,155.49,7.6699,0,500,"0.2mm/min"
8885.5,.238,144.43,7.6783,0,500,"0.2mm/min"
8886.5,.235,140.77,7.6811,0,500,"0.2mm/min"
8888,.231,135.78,7.6856,0,500,"0.2mm/min"
8888.5,.229,134.04,7.6871,0,500,"0.2mm/min"
8890,.223,128.4,7.6926,0,500,"0.2mm/min"
8890.5,.222,126.42,7.6942,0,500,"0.2mm/min"
8891,.22,124.65,7.6958,0,500,"0.2mm/min"
8894.5,.21,112.9,7.706,0,500,"0.2mm/min"
8898.5,.197,99.6,7.7193,0,500,"0.2mm/min"
8899.5,.194,96.37,7.7218,0,500,"0.2mm/min"
8900.5,.191,93.23,7.7253,0,500,"0.2mm/min"
8902,.186,88.64,7.73,0,500,"0.2mm/min"
8902.5,.184,87.18,7.7318,0,500,"0.2mm/min"
8903.5,.182,84.23,7.7346,0,500,"0.2mm/min"
